% bad channelS info for eeg_fmri at cni
% viSual inSpection of bad channelS from continouS data Set

% uSing Svd trial rejection 


S.badch{4} = [17 18 54 92 208 248];
S.badtr{4} = [265 322 77 110 140 206 176 77 2 175 74 109];


S.badch{6} = [25 54 89 73 61 67 68 1];
S.badtr{6} = [289 163 228 124 79 57 8 160 152 156 196 250 198];


S.badch{8} = [50 101 1 234 54 119 127 238];
S.badtr{8} = [21 82 185 280 341 68    71    88    92   119   121   305 304 321];

S.badch{9} = [116    18    19    25   234   238 12    37    46   210   239];
S.badtr{9} = [80 264 52   258   262   311   342   356   137   183   185   237   253   325   367   392   399];
% 76 77 153 229 307 387 150

S.badch{10} = [90 129 142 89   128   130 100   141   152   153 31 1 54];
%S.badtr{10} = [270 271 192   193   236 11   105   155   176   177   208 190 294   316   319 318 240:400];
S.badtr{10} = [11   105   155];

S.badch{11} = [89 226 54 41 1 197 82 68 67 91 17 238];
S.badtr{11} = [369 34 54 40 253 249 46 114   119   123   153   158   194   229   254   271   362   371];

S.badch{12} = [46    54  18 61 1 41   251   252];
S.badtr{12} = [233 227 373  65    75    76   105   134   161   344   394 283   307   322 16];

S.badch{13} = [10    32    37    46   231   239   241 54    61    67    68    73    82    91   102 31 18 89 238 1 234 25];
S.badtr{13} = [ 8    18    26   133   146   168   210   255   264   324   325 242 122 144 87];



S.badch{15} = [    2     8    12    17    19    39    40    89    90    92   100   101   119   129   174    237  240   250]; 
S.badtr{15} = [    80   160   240   320   400   239  ];

S.badch{16} = [     1    18    32    37    41    54    61    67    68    73    82    89    91   232   234];
S.badtr{16} = [    80   160   240   320   400   115   322    51    52   164   321    43];

S.badch{17} = [    1    18    19    25    27    31    32    33    34    37    38    41    82    83    89];
S.badtr{17} = [  80   160   240   320     307  308   310   312   287   305   ];

S.badch{18} = [41    54    89   241   242   243   244   245   246   247   248   249   250   251   252];
S.badtr{18} = [    80   160   240   320   400    85    93   111    84    87    92   112    72    74    83 ...
    86   272    82   110   247 ];

S.badch{19} = [ 10    11    18    32    37    41    46    89   230   238   244];
S.badtr{19} = [    80   160   240   320   400   226   228   229   230   225   375   211   374   198   207 ...
   219   227   181   215   214   213   220];

S.badch{20} =  [41    89    91   241   251   254   255   256];
S.badtr{20} = [ 80   160   240   320   400   111   216   370   114   193   215   217   218   220   107 ...
  108   109   110   219   112   270   113   137   369   371   106   221   223   271   136 ...
 194   288   368   214   278   373   195   266   138   139   366   372   115   246   222 ...
    213   367   132   196   318];

S.badch{21} = [1    26    27    54    89    91   226   229   231   232   233   235   236   238   239  240   252   256];
S.badtr{21} = [80   160   240   320   163   208   221   256   203   228   296   308   265   153   186 ...
     313   126   241   300   171   294   115   258];